@I:356726109932152
@0AX
N:104:2/10
B:5.55:2:000000:78:5:VM
T:20/04/29,23:27:13
LA:34.99414
LO:-108.33632
EL:68:D
OR:88:3:257
TA:22.4
BA:1006.50:2995
RH:73
WI:4:357
GU:5:357
LD:?:0:--
CL:1KZ0F:0:?:?:?
PW:0.00:299:?:--:83:207:200
VI:6.2
XA:22.1:22.4:22.2:02
XD:9:9:18:17:26.6